11065.0, 10986.759645779412, 95.12858729105932
11065.0, 10986.759645779412, 296.00441623563717
100579.0, 34544.1195796264, 998.0587770680563
1605010.0, 667652.5401215856, 4360.939930353741
1605010.0, 667652.5401215856, 8916.349800709857
1605010.0, 667652.5401215856, 13456.290903403025
1754134.0, 563872.0820061478, 29586.85245600912
4547961.0, 2293699.0835374496, 94312.59646081812
4547961.0, 2369704.2118618027, 237823.20702545057
4716363.0, 3491945.424188297, 459287.2744250922
6257542.0, 3560970.9799686656, 735497.9057895587
6257542.0, 3983008.5294333114, 1081528.5450887042
6369879.0, 4054512.520804196, 1396154.8414695412
6707675.0, 4831554.377478238, 1620092.367397132
6257542.0, 5294368.338573812, 1789987.416910475
8667319.0, 5586173.618190074, 2013110.2228053673
8667319.0, 5965106.572238374, 2286531.9329069084
8667319.0, 6446195.366789684, 2389616.2801501756
8667319.0, 6818498.899725994, 2942802.3289041943
8667319.0, 6532078.160980011, 3085838.9619156914
8667319.0, 7112980.277190046, 3140163.36059058
8802073.0, 7447239.923442049, 3314221.5739308526
8525665.0, 7721397.459854282, 3397257.317825457
8831009.0, 7977727.769031978, 3527539.49716379
8831009.0, 7977727.769031978, 3837235.6634859364
8831009.0, 8266757.94143461, 4196951.79077754
1.1813862E7, 8903453.301653216, 4398429.39806575
1.1813862E7, 9488686.351177057, 4313186.043134481
1.1813862E7, 9488686.351177057, 4619537.946487499
1.1835857E7, 1.04429280541827E7, 4701546.130260479
1.1835857E7, 1.04429280541827E7, 4713785.207857941
1.1835857E7, 1.04429280541827E7, 5142188.729293072
1.1991582E7, 1.0938222014839893E7, 4769113.129842295
1.1991582E7, 1.0938222014839893E7, 5003681.551652382
1.1991582E7, 1.0938222014839893E7, 5071722.893530628
1.20683E7, 1.1008200981462853E7, 5430617.651254532
2.947238186E9, 2.600385957260039E9, 1.235781100757385E7
1.3923273E7, 1.1669946932316894E7, 5915188.049587067
1.3923273E7, 1.1669946932316894E7, 5681179.083121732
1.3968502E7, 1.1707856124343924E7, 5675103.47943619
1.4603009E7, 1.178000924979368E7, 5741511.561854283
1.4814598E7, 1.184015714408355E7, 6050425.160026314
7.8340161E7, 5.904063930215999E7, 6585122.253178362
7.8340161E7, 5.904063930215999E7, 7516618.099438641
7.8759064E7, 5.935634328604116E7, 7678598.675655602
7.8759064E7, 5.935634328604116E7, 8180257.141210931
7.8340161E7, 5.904063930215999E7, 1.00488211597905E7
8.2542422E7, 6.220765061267458E7, 1.3689831260879977E7
8.2542422E7, 6.220765061267458E7, 1.7534868577220194E7
7.8340161E7, 6.292144062878957E7, 2.019776508618236E7
8.2602704E7, 6.2253081816452846E7, 2.483332135620669E7
8.2602704E7, 6.2253081816452846E7, 2.5711162144657787E7
8.2602704E7, 6.2253081816452846E7, 2.8020228443130106E7
8.2602704E7, 6.2253081816452846E7, 2.6912524802518476E7
8.2602704E7, 6.2253081816452846E7, 2.8019473026934374E7
8.2602704E7, 6.2253081816452846E7, 2.7368947789688274E7
8.2602704E7, 6.2253081816452846E7, 2.587073931969746E7
8.2602704E7, 6.2253081816452846E7, 2.4833742521979045E7
8.2602704E7, 6.2253081816452846E7, 2.716852262363678E7
8.2602704E7, 6.2253081816452846E7, 2.5800270782438353E7
1.16159515E8, 1.0733119490457912E8, 2.9784742128815252E7
1.16159515E8, 1.0733119490457912E8, 2.9330684821486052E7
1.16159515E8, 1.0733119490457912E8, 2.804988077879667E7
1.16159515E8, 1.0733119490457912E8, 2.7312076808209177E7
1.16159515E8, 1.0733119490457912E8, 2.7543325568119016E7
1.16159515E8, 1.0733119490457912E8, 2.8507988988551363E7
1.44143854E8, 1.2541277593851413E8, 2.940007730940806E7
1.44143854E8, 1.2541277593851413E8, 3.2962431068973996E7
1.41298044E8, 1.2800863245711547E8, 3.7482018625033535E7
1.5756802E8, 1.3709251028722537E8, 3.990589576063078E7
1.41298044E8, 1.3055915307669626E8, 4.6228733778053686E7
1.5756802E8, 1.4559258331397665E8, 4.8400563429583296E7
1.5756802E8, 1.4559258331397665E8, 5.824452205801566E7
1.5756802E8, 1.4559258331397665E8, 5.791035493803791E7
1.5756802E8, 1.4559258331397665E8, 6.0318987824909344E7
1.5756802E8, 1.4559258331397665E8, 6.366377711875675E7
1.5756802E8, 1.4559258331397665E8, 7.118669355488837E7
1.5756802E8, 1.4559258331397665E8, 6.580382048460027E7
1.5756802E8, 1.4559258331397665E8, 6.535831563140454E7
1.5756802E8, 1.4559258331397665E8, 6.53509446756432E7
1.5756802E8, 1.4559258331397665E8, 7.281787195409982E7
1.5756802E8, 1.4559258331397665E8, 7.20507634118454E7
1.5756802E8, 1.4559258331397665E8, 6.895971235237513E7
1.5756802E8, 1.4559258331397665E8, 7.681086508384368E7
1.5756802E8, 1.4559258331397665E8, 7.348314006479824E7
1.5756802E8, 1.4559258331397665E8, 7.653085046334033E7
1.5756802E8, 1.475003230832544E8, 7.636813992670602E7
1.5756802E8, 1.475003230832544E8, 7.021892995605381E7
1.63151591E8, 1.495355033857945E8, 7.701357514227249E7
1.63151591E8, 1.495355033857945E8, 7.167250178784215E7
1.63151591E8, 1.495355033857945E8, 7.569759374225675E7
1.63151591E8, 1.495355033857945E8, 7.562790108291654E7
1.63151591E8, 1.495355033857945E8, 6.906833540543829E7
1.63151591E8, 1.5183262324823976E8, 7.254489466221507E7
1.63151591E8, 1.5183262324823976E8, 7.820981387433027E7
1.63151591E8, 1.5183262324823976E8, 7.727403005652893E7
1.63151591E8, 1.5183262324823976E8, 8.188279969337505E7
2.64843016E8, 2.1042501421270138E8, 7.486846201380277E7
3.93535193E8, 3.1608055134950185E8, 7.76568632552942E7
3.93535193E8, 3.1608055134950185E8, 8.191360018858802E7
3.93535193E8, 3.1608055134950185E8, 7.734028996125029E7
5.72296902E8, 3.993682539596189E8, 8.16937962390751E7
5.72296902E8, 3.993682539596189E8, 8.403779287103014E7
5.72296902E8, 3.993682539596189E8, 9.525117933973897E7
5.72296902E8, 3.993682539596189E8, 1.0612443376791178E8
5.72296902E8, 3.993682539596189E8, 1.309203400845598E8
5.7370722E8, 4.0035242185432446E8, 1.5317437160530636E8
5.72296902E8, 3.993682539596189E8, 1.684018012487716E8
5.72296902E8, 3.993682539596189E8, 1.753679169811643E8
5.90978885E8, 4.12405177460584E8, 1.8396643554135746E8
5.90978885E8, 4.12405177460584E8, 1.8312966962800252E8
5.90978885E8, 4.12405177460584E8, 1.7569493445390937E8
6.05858881E8, 4.2278894504813963E8, 1.6874870045214525E8
6.05858881E8, 4.2278894504813963E8, 1.757725242553281E8
6.05858881E8, 4.2278894504813963E8, 1.7044554179435435E8
6.05858881E8, 4.2278894504813963E8, 1.8176647706077126E8
6.05858881E8, 4.2278894504813963E8, 1.8285448958034417E8
6.22223305E8, 4.3420859701042634E8, 1.7143201153023735E8
6.22223305E8, 4.3420859701042634E8, 1.6260723877101466E8
6.22223305E8, 4.3420859701042634E8, 1.718605489336399E8
5.96640799E8, 4.4965511631654084E8, 1.808847808353005E8
5.96640799E8, 4.4965511631654084E8, 1.9012985075963765E8
6.77819629E8, 4.7300560388720524E8, 1.757522269672399E8
5.96640799E8, 4.4965511631654084E8, 1.7263714307673776E8
5.96640799E8, 4.4965511631654084E8, 1.7277584329015225E8
5.96640799E8, 4.4965511631654084E8, 1.8845684014327416E8
6.22223305E8, 4.997588241286193E8, 1.9308556016003203E8
5.96640799E8, 4.4965511631654084E8, 1.873052980679403E8
5.96640799E8, 4.4965511631654084E8, 1.815950486540448E8
6.27204784E8, 4.7268949856681E8, 1.7332809771420708E8
5.96640799E8, 4.4965511631654084E8, 1.5875521979673314E8
5.96640799E8, 4.4965511631654084E8, 1.6418385285613054E8
6.05858881E8, 4.5660227403836036E8, 1.8066441378739342E8
6.05858881E8, 4.5660227403836036E8, 1.9502864753772652E8
6.27204784E8, 4.7268949856681E8, 1.928847446335553E8
5.96640799E8, 4.4965511631654084E8, 1.886720494505751E8
5.96640799E8, 4.4965511631654084E8, 1.7498729195071703E8
5.96640799E8, 4.4965511631654084E8, 1.8598024770412093E8
5.96640799E8, 4.4965511631654084E8, 1.9860221990731484E8
5.96640799E8, 4.4965511631654084E8, 1.9779647231397074E8
5.96640799E8, 4.4965511631654084E8, 2.034996233758769E8
5.96640799E8, 4.4965511631654084E8, 2.1525582460598564E8
5.97618282E8, 4.5039179110109985E8, 2.0618761556273955E8
5.97618282E8, 4.5039179110109985E8, 1.8940203702552193E8
5.81760803E8, 5.3065799181004924E8, 2.0185381360585216E8
5.74394455E8, 4.6134353231401247E8, 1.9716657555015436E8
5.74394455E8, 4.6134353231401247E8, 1.8635496029791352E8
5.74394455E8, 4.6134353231401247E8, 1.7659535978106776E8
5.74394455E8, 4.6134353231401247E8, 1.759007313309368E8
5.74394455E8, 4.6134353231401247E8, 1.9574383416171595E8
5.74394455E8, 4.6134353231401247E8, 1.9967589845035583E8
5.74394455E8, 4.6134353231401247E8, 2.10559742177413E8
5.74394455E8, 4.6134353231401247E8, 1.95065510654064E8
5.74394455E8, 4.6134353231401247E8, 1.7757221292654258E8
5.74394455E8, 4.6134353231401247E8, 1.6687369651297677E8
5.74394455E8, 4.6134353231401247E8, 1.7771694138524103E8
5.82738285E8, 5.141574441692574E8, 1.8029760235032487E8
5.82738285E8, 5.141574441692574E8, 1.7955936199796894E8
5.82738285E8, 5.141574441692574E8, 1.7783352496044815E8
5.82738285E8, 5.141574441692574E8, 1.8962512023268887E8
5.82738285E8, 5.141574441692574E8, 1.904839270796493E8
5.82738285E8, 5.141574441692574E8, 1.8915361447911158E8
5.82738285E8, 5.141574441692574E8, 1.8021446601353055E8
5.82738285E8, 5.141574441692574E8, 1.9025400299323955E8
5.82738285E8, 5.141574441692574E8, 1.980330965178871E8
5.82738285E8, 5.278800727826906E8, 2.0292364381664443E8
5.82738285E8, 5.315496102079812E8, 2.0711971309798053E8
5.82738285E8, 5.315496102079812E8, 2.0502035989745954E8
5.82738285E8, 5.315496102079812E8, 2.1280637173622617E8
5.82738285E8, 5.315496102079812E8, 1.9969168070901078E8
5.82738285E8, 5.315496102079812E8, 1.9499461383930236E8
5.82738285E8, 5.315496102079812E8, 1.871013501434208E8
5.82738285E8, 5.315496102079812E8, 1.860302026038393E8
5.82738285E8, 5.315496102079812E8, 1.9464665386802095E8
6.29568487E8, 5.655779316914233E8, 2.1516693139733887E8
6.29568487E8, 5.655779316914233E8, 2.0574281818092334E8
6.29568487E8, 5.703017414399817E8, 2.0191475613824934E8
6.29568487E8, 5.703017414399817E8, 2.2832128609893653E8
6.29568487E8, 5.742661714153181E8, 2.2553981293647736E8
6.29568487E8, 5.742661714153181E8, 2.509114910599409E8
6.29568487E8, 5.742661714153181E8, 2.5137895980136347E8
6.29568487E8, 5.742661714153181E8, 2.5408182499673086E8
6.29568487E8, 5.742661714153181E8, 2.6556754347487247E8
6.29568487E8, 5.742661714153181E8, 2.66805837444894E8
6.29568487E8, 5.742661714153181E8, 2.499074776838057E8
6.29568487E8, 5.742661714153181E8, 2.39409313293108E8
6.29568487E8, 5.742661714153181E8, 2.45123597973967E8
