14
0
1
2
3
4
5
6
7
8
9
10
11
12
13
55
0 5 -2 0 0 0 0 0
0 10 -1 0 0 0 0 0
0 1 -2 0 0 0 0 0
0 9 -1 0 0 0 0 0
0 13 0 0 0 0 0 0
0 11 0 0 0 0 0 0
0 8 -2 0 0 0 0 0


3 11 0 0 0 0 0 0
4 8 -2 0 0 0 0 0
4 11 0 0 0 0 0 0
5 13 0 0 0 0 0 0
5 8 -2 0 0 0 0 0
5 11 0 0 0 0 0 0
6 11 0 0 0 0 0 0
6 13 0 0 0 0 0 0
6 8 -2 0 0 0 0 0
7 0 -6 0 0 0 0 0
7 11 0 0 0 0 0 0
7 13 0 0 0 0 0 0
7 8 -2 0 0 0 0 0
8 1 -2 0 0 0 0 0
8 0 -6 0 0 0 0 0
8 11 0 0 0 0 0 0
8 13 0 0 0 0 0 0
9 0 -6 0 0 0 0 0
9 5 -2 0 0 0 0 0
9 1 -2 0 0 0 0 0
9 13 0 0 0 0 0 0
9 11 0 0 0 0 0 0
9 8 -2 0 0 0 0 0
10 0 -6 0 0 0 0 0
10 5 -2 0 0 0 0 0
10 1 -2 0 0 0 0 0
10 13 0 0 0 0 0 0
10 11 0 0 0 0 0 0
10 8 -2 0 0 0 0 0
11 0 -6 0 0 0 0 0
11 5 -2 0 0 0 0 0
11 10 -1 0 0 0 0 0
11 1 -2 0 0 0 0 0
11 13 0 0 0 0 0 0
11 8 -2 0 0 0 0 0
12 0 -6 0 0 0 0 0
12 5 -2 0 0 0 0 0
12 10 -1 0 0 0 0 0
12 1 -2 0 0 0 0 0
12 13 0 0 0 0 0 0
12 11 0 0 0 0 0 0
12 8 -2 0 0 0 0 0
13 0 -6 0 0 0 0 0
13 5 -2 0 0 0 0 0
13 10 -1 0 0 0 0 0
13 1 -2 0 0 0 0 0
13 11 0 0 0 0 0 0
13 8 -2 0 0 0 0 0